# command_history: dirgen 450 dirs.txt  (version=3.0.8-19-g8d997bef-dirty)
1.50498793589867 2.1011450467713
-3.00997376586075 1.92294972279991
-0.914620756982023 1.88029792986904
0.210664915407333 2.26978079361106
2.46107178457044 2.80243652241117
-2.91157800431166 2.70677276797777
-0.234548293343225 2.2306418493356
-2.15148809002719 1.54241706805213
-2.02595238306821 1.55760802083821
2.16363973159164 0.804380440722801
2.98496436424453 2.43486977010378
-1.87869921579872 1.34538432511993
3.07198870675236 2.68489692772014
-2.33926124759602 0.894594875872152
0.910618728883874 2.14446503217635
-2.40670009823126 1.35467412066916
-0.586254682048971 1.16739699103426
0.371362831212837 1.24264675880593
3.13834996639941 0.718512963255642
1.5911473675305 1.30566320651541
-0.618656785833317 0.781030395697362
0.267521359304083 1.87447586541484
0.474531465630507 1.31636111262364
0.521562991539734 2.40275148110407
0.358072597066092 2.21673593344658
3.09451985683878 1.38523481882832
0.0470751005240845 2.3064903560227
-0.712255721890149 1.11329248999212
-1.15475690768044 2.52942360415129
-2.96128488995098 2.16787507011241
2.809465488136 2.10483754301741
0.943666274701119 1.92086370155227
0.157678355105994 0.769706066056696
2.8281638203497 0.802226653903213
-0.106819839381032 1.18437860075749
-3.02908741698067 2.59371222635507
0.826933709275638 0.620567119587916
-1.45095304060253 1.18395646081831
2.93765912135347 2.16680241583019
-2.94695532006733 2.91862405113568
-2.85573195074502 2.09623110374447
0.324163736473575 1.48683547221724
-0.453364026231147 0.972035351613568
2.06461628268282 1.95564941998599
-2.00607083451455 1.33107494448586
2.83136726675062 1.25508042535599
-0.184532975464602 0.839696778023054
-2.22434389947623 2.06073064527326
-2.26516973833694 1.94337194079319
2.81498545165538 2.75897810978818
2.32514529523014 2.36978320381489
0.854143785356116 2.68537929281071
-0.460374231365185 1.10114548563937
-0.845941293639444 1.05173746305791
-0.717678596226288 0.99181075848265
1.25091866718792 0.889435957583843
-2.08453963216408 2.09811524361905
-1.68440774958105 1.82347175457269
1.36334480079747 1.55363437242537
-1.24470420701534 1.58684717215928
1.40866266082249 0.873857912003062
2.3823762375243 2.5949538395062
-0.569255994376878 1.89914095769922
0.523477874008984 1.6387124567892
1.88792624137459 2.5572946050805
-0.808214782795674 1.80473909077845
0.833493573671999 0.870814148058734
-2.78711697207007 0.800570864954238
1.15519214832377 1.13528616839993
1.38770553284165 2.34514912142844
1.12438336392825 2.48035126370275
0.699358848243989 1.89984490342735
0.69149685048437 0.925924023112043
-1.05400767440769 1.30975207818914
3.03475427636826 1.13335478131998
1.43857773580222 2.68128884085366
2.55156995174155 1.60586037901154
0.850968955227675 2.36200758863769
2.82263504578262 2.50896838668968
0.804210073888014 1.43173357554519
1.41744827255759 2.00299616109292
-1.99345888025282 0.441005677638441
2.46503229372125 0.840192897472074
-1.58727330871649 0.828977446511159
-2.77328756093499 1.18718140489084
-0.807997719395935 2.38551712037552
-0.138390938659718 1.55357072320654
1.48862587578445 1.53626286328327
-1.98570144448834 1.6743813102997
2.80467664138939 2.8818304511722
0.596768251549518 1.832491382469
-1.8509718012366 0.896384510476461
0.591078664026322 1.96758317693355
-1.81588058470904 0.673460200383654
-1.85975902133703 1.69018171938772
-3.123008976052 2.00393114086793
0.810256832030381 1.00062815930895
-0.584144472341038 1.04301022071105
2.43653037215734 1.78389040836251
-2.4849231623509 2.10193757415071
1.01267119150425 2.58862968243274
0.976593828112321 2.80719245458014
1.56989400543702 0.869543667429467
-2.01251939716268 0.882961376312556
-2.46907366671589 3.01214555461112
-1.60441098776742 2.81297314708497
0.520005399745205 1.05930823002371
-0.167562643819634 2.12052156121112
1.67537194365338 0.444826761418079
-1.40800789186219 2.25427785556821
2.45034567431508 3.12699991498864
2.52607494815747 1.04233713859011
-0.687998948504185 0.668569129245431
0.337117278810425 2.58386227302285
-0.266550035133331 1.73856567836827
-2.5008131911645 0.930286048445986
1.74116949201416 0.11546262023399
-0.385483701249669 1.9956628369589
-2.53436733633465 2.57561773819989
-0.964615840773383 1.11917829499341
-0.887692039779179 0.646876085751606
1.38842491785214 1.77995272694645
-2.99186339689933 1.21582644265635
1.58600249167339 1.09373083749766
1.87417883458196 2.26514878546537
1.53368408841356 1.41989942928634
-2.66298686848874 1.11121176334481
-0.449452972316127 1.87998503412628
-1.76691325572064 1.92632145356025
0.482783938579348 1.89503979605107
-0.363632773529999 1.53601767724117
-1.39364248170113 1.87845276656423
1.6927575390486 2.63616316402224
0.823756355381402 1.90211807026623
-1.38110932992696 1.42016259395217
-2.16740442438188 1.85839827195353
-2.31187365440455 2.39578722365725
1.19823469982209 1.01361892764151
1.27975788810612 2.02112683828324
3.04856942711211 2.08626017861545
0.347248376815086 2.4629460175459
-2.46975452905962 0.810767577328822
-1.5314600003418 2.48786307565914
1.02814254695432 1.48478482711465
1.33885350818045 1.90059397020246
1.36815129289342 2.80041388826996
3.02480617936304 2.56096340954757
-3.05715564738992 1.55692938599214
-1.43563763085954 0.38245758070175
-0.811755798804002 1.6776375765416
0.982852865042898 0.824153623913974
-0.886404549458287 0.439156201358086
-1.65430152426333 2.15668747860437
-1.94276884276125 1.79088745320946
2.81591130327289 2.24056197486787
-0.818222628144132 1.4247339309155
-0.323647954738223 0.50776756492999
-1.99984606113768 1.10617910606913
-1.93100532809209 0.999703405571695
2.41283173237417 2.27323908102624
1.07337642997865 1.70283902889815
1.64276801679173 1.20072384392707
1.9298448701139 2.00639387558359
0.628251791833762 2.76668362197245
0.647230314990281 1.59277543354152
1.1441866973349 0.789399648503826
-2.65007503781882 0.984783500567292
1.32758535056958 1.33339829240775
-0.192316957125261 1.91428423275866
-2.07200444347216 2.68966790290633
-0.462429768072895 2.11653805073292
-1.62871111401332 1.38015935182176
-1.82606671422338 1.46719009547311
-0.0149437037624505 2.09897257868212
-0.47157547266514 1.35095438123654
-1.12897508309414 2.27757461503749
3.07558365256883 2.21997768256466
-2.89251437000406 1.13201826287941
-3.04703085185081 0.503433154062114
-0.857918721817141 0.924198114027568
2.18933411074869 0.555803076791425
-1.90214498592616 1.57224119441986
0.363478584527673 0.543301109024105
1.63640673207615 1.74132496341044
-1.13735029082223 1.64187339473012
1.11048814914671 1.25461628706322
0.794073575851743 0.374893918135225
-1.65435902337772 0.581436518089356
2.78640587753461 3.00448674434303
-1.13533190887558 2.40529645655603
-0.321265898159927 2.12313273107182
-1.23854394663169 1.0078273974502
-2.38362196236414 2.88902941995803
0.321707332750988 2.70413865909928
2.37581944292421 1.07848646063844
2.22037415695962 1.38900985930479
2.97959040184647 0.494348223062747
-3.13584593652426 0.37637311454224
-1.41679467923875 0.859611599509378
3.01154590417415 0.811651696291448
-1.52398042846017 1.62805110581576
-1.03167171744016 1.56775309901083
-2.63575565768663 0.861039464673035
0.71088792996348 2.44992105214385
-0.926756739590461 1.49492863614028
-0.946348488847219 1.24225705560832
-2.20684946017731 1.74152295995675
-0.320855390647552 0.765099785324983
-0.843197190262514 2.26246961745268
1.49597148098448 0.757682930774091
0.263260776595637 1.17012296243728
-2.46836784980228 1.67002342598177
-1.28133687303918 0.729928338782987
-3.05292297501938 0.955003529217698
-2.37929967936996 1.00987394879682
0.62447077529655 1.71414145413072
0.629802902299995 1.15608380979908
2.79781685425676 1.97556838753541
-2.80832503781204 2.3836883724494
-1.51039019464016 2.15621505712641
2.72530169978682 0.701322215014652
1.55443859748534 1.98194415483476
-1.7050603095143 1.48388023823701
2.14565632601782 0.931523295975932
-2.39346496295271 1.46860228171638
0.11467942601915 1.33957832117552
0.0563731242799969 2.9171815807126
-1.2579275460928 1.83334612081704
2.78961779875729 1.85067963252563
1.03284240104518 2.3708486272257
0.183528460468248 2.39272656098125
0.0856354186546679 0.880361304321249
1.51518362244689 2.43831179984824
-0.815088834824749 1.55061569229512
1.01712615531193 1.16596045796239
2.55237347008256 1.48223909209355
0.262903668484426 0.87949555940734
2.15807955573201 2.3910566823315
-2.40420910084734 1.90607060192187
-0.624743364029921 2.75044756961754
0.381931251459387 1.81892821003379
1.21354152316664 2.3650911508757
1.60604490185963 2.19391215789191
-2.56767881177688 1.74580113285012
2.43773086558916 1.66089601092201
1.35766312028961 2.12301816524676
-2.27843515731537 1.11421851735003
-2.83898589573526 1.53092622592835
-1.38123023297717 2.57771416731742
-1.8985877716058 1.90904795737286
1.74957070704266 1.49354549110644
-0.579647230621529 0.456273127513226
-3.10463300219683 2.47153839485511
0.396821284817527 1.11876362595292
-1.73440051641261 1.70607428064695
-0.0690838274417438 2.2161892805535
-2.11036151733405 2.56757008607353
-0.450817291727296 2.6437707808692
1.00136843415791 2.03712922351923
0.547347409879385 1.51663340820252
2.12359450112834 2.5918658387008
-0.374612002704021 1.78729097212222
2.1560233288052 2.27556723776753
-2.79486468375437 1.77703726820693
1.19303881243302 0.665979900924406
-2.52710338133589 1.05103062203747
1.76067609361426 2.16405489845236
-1.37914310999911 2.12670211760967
1.88585785268412 1.06851062593632
2.41800064479074 0.958661197171234
-0.580248275419412 1.78428211047149
-0.0205760281777829 1.50681847619114
2.3085874996854 1.96591459235777
-0.934017577784694 1.36757449452053
-1.32261366743423 2.45777109268035
2.66635495858986 1.66720068965994
2.97250226016923 1.34052136908378
0.241457014208648 1.29177710180871
-0.3678794463048 2.8620606187493
-2.22537797419232 0.665202369103237
-1.13924948897134 2.015118627931
-0.205751674868022 2.44084732692896
1.78299791902981 3.00541054164765
2.66361198833219 1.41207916605941
0.813914082533905 0.497370843443793
2.10801487066015 1.31671365468151
0.518204431651586 0.779425529068888
1.13770825250605 0.33232551031848
-2.43598400295588 1.78793943802846
1.06807680900316 1.37018946519098
1.86569079299727 1.18934228348649
1.99849831400324 2.33842148581401
-3.12311740890712 2.80483942285144
1.09847136249544 0.916538611119432
-1.25504675302439 1.45675751377563
1.22369991002572 2.91556430016055
1.91541523618672 0.365129915398305
-2.36119725654638 0.128772425060491
-1.18893815106949 0.458898270897392
-0.588775555409168 1.41324175707997
2.17777656788232 0.679221584707788
1.77920235049276 1.37505621019373
-2.48483331664509 0.244511636676315
0.502266233040225 1.1922167937488
-2.95548243937732 1.47946759947111
-1.85958703665745 2.92516654593637
-0.528375635353848 0.579992354480576
1.84629211637925 0.241473247577791
2.55684614830379 2.22589919722578
-0.478439030693035 1.59919166874759
-1.34732266071989 1.09695350892253
2.10210582668958 1.70409171291953
0.0265239374220977 1.97210920215991
-2.99223125691076 2.04438556706717
-0.767813811489876 2.50814246663828
-1.46648570104319 1.52343721921918
2.67440570418447 1.91461298420502
-2.68900924885761 2.48332930424469
2.12990206135032 1.06134018716181
-2.1890794893892 2.18725890866356
-0.621626603858629 2.41938387574323
-0.128707161680477 1.43108386029689
-1.26047082629302 2.20631955819744
-0.0692975037995437 2.53711475985425
-0.0322383772377195 1.63075018750425
2.77263290807611 1.4822554538158
-0.549380899986067 2.53367533191071
1.00296505177051 0.698337218713718
-1.0228355458288 1.951607368444
-2.85627459824707 1.40151330506423
-0.218851054004953 1.1090247197483
2.78350359788784 1.72787768993873
2.03928414391239 2.07981968126637
-0.51724602245016 2.00728228208663
-3.01871658493272 1.08259211883892
2.83707962649678 0.391996585609141
-2.56905841635626 0.4961710759854
2.47691182961118 1.1579754971279
0.496692386058486 1.76163866588908
-3.13643251457678 1.8797884410052
-2.59513348851093 2.21277768388646
-1.39724583733997 2.0122678831108
-3.04300639625425 1.68059653424135
-0.878758024148868 2.83056994842306
-0.48339373895852 0.701940843153514
-0.0256352010805702 0.790767808055952
-0.587615223285821 1.29070627834471
-1.44482321275097 0.630081590375642
1.59751334797486 1.8620658914272
-2.17627906797325 0.88290703001571
-1.46050603280796 2.37257790367839
-1.18249013826185 1.25815827143297
0.72925931628599 2.01536759369813
-0.398831079803655 2.23182175467886
2.06161576480982 2.80173129502954
-1.14732354208084 1.7658740095544
-1.13113461685313 2.14583461398478
-1.94712654525303 1.4520874020756
-1.84787304841856 2.02862148224021
1.82613550351098 1.92456537625743
1.88126400658635 1.43960367766495
1.95584883143608 0.489123411408934
-1.15616829489783 1.3814436004861
2.42790657219123 0.512223505786397
2.90242911693832 1.7813433195966
-0.247067880259121 1.48360381592996
2.91134879253889 1.90528350896446
-2.7268106037905 2.2731590218313
-3.10252674594793 2.1315118014551
1.51148561444211 0.54098275274078
2.58002871990558 0.927621290934909
0.422625034512308 0.331984977535274
-1.82541795567191 2.3748150457419
1.34186022260742 0.994042919145613
0.358946674294493 2.08881550902553
-2.2813442341257 1.50102505109329
1.07740744974309 1.92658840135285
0.603872845397772 1.27660872438073
2.20710029915311 0.433216382675708
-2.93923878667977 1.60580792409152
1.39717337052041 0.64920754672861
2.15792089548315 2.14630759351557
-2.83695083675484 0.318401703018854
-2.19071895028329 1.4268202768212
1.46849026618277 1.88258858612234
2.34766647841179 1.20636488738515
-0.0641065708109122 1.88249239972941
1.85792282643347 1.80553040295344
0.448031240549636 1.4389663385672
2.21899558655767 1.51772879262062
-2.37469668830583 0.573181178612324
-0.255163722703717 2.01853826975653
2.83362978609186 0.595611385641981
0.770995243516491 1.11822697694115
1.66312148335669 1.39613261086927
0.221270282184466 1.41318695930013
0.0551332839393515 1.83944085276644
-0.254827195884976 1.60841039552406
-0.823700709597507 1.29984242007304
3.02346615228108 1.83301833707773
0.770484868310849 1.54959742681928
-1.69399120666571 0.921064801555434
1.72664665887462 1.83929139153831
-2.08095598684661 0.992276179118911
-2.13802779897522 1.32186096054412
0.896597370347856 1.51816351787042
1.20864747920849 1.91588871068767
2.26572387041208 1.00297459520184
-0.870646448173725 0.227483923392044
-1.88630426104254 0.555126526916608
2.11102296981224 1.44327543329464
2.00015168768173 1.63061945675566
-2.74124677285667 1.45540520201438
-1.40817826829441 0.259856790159937
0.424253115302669 1.56192587998676
2.44350981410642 1.41133042452892
-1.63406300631858 1.93922685798734
1.43571758315823 1.09832700372748
0.230195238383854 2.14275270897516
0.538247420076328 0.447499130390334
0.147417608401164 2.51484326749999
-0.461972826325223 0.835406347380405
1.55702373150097 1.63812344674987
-0.149676978962388 1.67707887846442
0.839303751091561 1.31479790065744
0.541815839334331 2.52420316621785
-2.90210424938752 2.49195035119613
2.0274291374544 2.47436439950522
0.0703374405150051 1.71098792766672
1.36546515910935 0.432864048991069
-0.740928289728109 2.94208387845276
2.93267872361817 0.114317892230331
-0.70271759553494 1.60471532260208
2.44865616886892 1.28557653186804
-1.49054230939532 1.06570744328517
0.673902768252232 0.810913049229934
-2.2830438735439 1.35556866483669
-1.28238537195911 2.33527292567415
-1.14645499941686 1.89423616707013
0.171161485934613 1.79188023481579
-0.499007468069078 2.32961686908013
1.2618460513515 0.546307704825796
0.400269322585159 0.984303453824247
2.02049903100299 2.20921912367933
-0.898726149871186 2.01049519594766
-1.35006076748271 1.54015901855434
-0.707788523759442 1.23521504509316
3.13322156595154 1.75738803561606
0.652576420092418 0.686318800978003
